15
0.4758861185559393 0.6994256964913016 0.7837375267465172 0.8750276311095608 0.2590417233213679 0.7736599794665312 0.17155308295537453 0.40867394586917394 0.4198501279751704 0.8660787065407398 0.3771987645039008 0.0356545371933904 0.4231569526109661 0.4373873397186556 0.8508629417353861 
0.0 0.4509722450228912 -0.07934826474267453 0.3565776833062231 0.582111136549395 0.21845691834397885 0.07029614274197539 0.5044796980221105 0.16151776934054435 0.028955180528649427 -0.20410343982653306 0.3480810850484951 -0.16519439471687247 0.21470137057632943 -0.09666171866579976 
0.0 0.0 -1.0663142201386557 -1.0354267328366238 1.3971528697265625 -0.27175842305596887 0.7246304469294658 0.13925662098273528 0.14481031311731718 -1.3537344264465154 -0.9476853491935303 0.8151952272759048 -0.9437891361493527 0.13684851533280218 -1.001184607389541 
0.0 0.0 0.0 -0.47574458587580193 -0.2825469300239637 0.24706138015170764 0.36645052113374477 -0.038123219216583744 -0.4070483498299636 0.6454807582708693 0.800871555421288 -0.27667315164770695 1.0555108499334098 -0.5644369636414429 0.35801755219498643 
-5.551115123125783E-17 0.0 0.0 0.0 0.12710256800513403 -0.45310021290445734 -0.11873283759047745 0.3167382804517822 1.0070593619863486 -1.1202061251917628 -0.8120897698879979 0.9314930026739044 -1.2137094026048836 0.21121894106477573 -0.6027778265677523 
-9.234136464209869E-16 0.0 0.0 0.0 0.0 -7.554836296596918 -1.7969615334224627 4.944645751583549 15.551730722404495 -16.49289723240725 -10.850791443426612 14.22677122631255 -17.217910047988966 2.169596449818208 -8.994313591743262 
-7.255255077665289E-18 0.0 0.0 0.0 0.0 0.0 0.1743354940487235 0.821905764201317 0.6519368693503811 0.25724722222186536 -0.008589841690808342 0.9008133626048584 -0.14113585924691563 -0.2619032506095976 0.09681607077275789 
7.774158593342359E-18 0.0 0.0 0.0 0.0 0.0 0.0 -0.34980286627806645 -1.1976139042197864 -0.8235363836443205 0.19671997664580576 -0.8683258633633042 0.5962911137683483 0.07992317605821908 -1.0996156606804213 
1.2110798798987451E-16 0.0 0.0 0.0 0.0 4.440892098500626E-16 0.0 0.0 -8.75888345337717 -5.244684330270503 2.1942932760213094 -4.965177721032969 5.605169838906015 -0.43461846749125566 -8.920912489321971 
1.3661598725886797E-16 0.0 0.0 0.0 0.0 -1.2484606608698953E-16 0.0 2.7755575615628914E-17 0.0 1.9041239846090914 0.6707449749591117 -0.5719579784354618 0.6759827839266719 0.2562680085291975 2.2892071813418484 
1.846858126634062E-17 0.0 0.0 0.0 0.0 3.003041165885261E-16 0.0 2.165727953300183E-18 0.0 0.0 0.2403534030801984 0.28410195599340693 -0.12330108617876524 -0.1803051996496246 -0.39050167320950724 
-9.962368504726209E-17 0.0 0.0 0.0 0.0 9.05598032990042E-16 0.0 -4.5177662697335506E-17 0.0 0.0 0.0 1.5234902462877262 -1.0345436133382344 -1.4272866028656868 -3.027969582870866 
-8.785544652223287E-17 0.0 0.0 0.0 0.0 5.927251263126978E-16 0.0 -5.09527438443798E-17 0.0 0.0 0.0 0.0 0.4139272381078273 -0.9018627030975574 -1.0670398575910531 
-4.7942493877500374E-17 0.0 0.0 0.0 0.0 -6.938982515021978E-16 0.0 5.025171857426685E-19 0.0 0.0 0.0 0.0 0.0 0.3445389570431266 0.41538585976540293 
6.582857710187457E-16 0.0 0.0 0.0 0.0 4.462892001758555E-15 2.7755575615628914E-17 1.1986619777701367E-16 0.0 0.0 0.0 0.0 0.0 0.0 3.82086623673672E-6 
0.8643157916798752 0.9637747245741033 0.6872847810524141 0.6614914310208075 0.6517411097137324 0.7373945853780353 0.35197747829261283 0.2800053461681248 0.3215227504797611 0.8538342659481427 0.25059768773773616 0.25903895378781383 0.6982481481412146 0.9502074313138483 0.4685378429259569 
