3 3.832362413406372
4 3.0879619121551514
5 3.0680441856384277
6 3.1510448455810547
7 3.1469578742980957
8 3.1060001850128174
a9 3.324044704437256
3 0.7210142612457275
4 0.012019157409667969
5 0.012000083923339844
6 0.014003753662109375
7 0.015999794006347656
8 0.018001317977905273
9 0.022003173828125
10 0.02304553985595703
11 0.024002552032470703
12 0.02899789810180664
13 0.029964208602905273
14 0.032998085021972656
15 0.03399801254272461
16 0.04004526138305664
17 0.046019554138183594
18 0.04898214340209961
19 0.0540013313293457
20 0.05599784851074219
21 0.0650019645690918
22 0.0800008773803711
23 0.08400321006774902
24 0.08699750900268555
25 0.10403227806091309
26 0.10499954223632812
27 0.11799955368041992
28 0.12700152397155762
29 0.20499563217163086
30 0.1390366554260254
31 0.15399932861328125
32 0.16399931907653809
33 0.18600106239318848
34 0.19304418563842773
35 0.20500421524047852
36 0.267993688583374
37 0.2540011405944824
38 0.3040010929107666
39 0.3103175163269043
40 0.2839987277984619
41 0.29500579833984375
42 0.4629976749420166
43 0.3710441589355469
44 0.347003698348999
45 0.42799901962280273
46 0.4379997253417969
47 0.4550025463104248
48 0.45200061798095703
49 0.4830441474914551
50 0.48595619201660156
51 0.642003059387207
52 0.5690343379974365
53 0.5820012092590332
54 0.5890040397644043
55 0.6335382461547852
56 0.6350042819976807
57 0.7579996585845947
58 0.7340326309204102
59 0.7310454845428467
60 0.7960023880004883
61 0.8510441780090332
62 0.850999116897583
63 0.9209988117218018
64 0.9289979934692383
65 0.9800009727478027
66 0.9879968166351318
67 1.1779990196228027
68 1.1039543151855469
69 1.0819969177246094
70 1.1679973602294922
71 1.1939983367919922
72 1.2530453205108643
73 1.3589990139007568
74 1.3580734729766846
75 1.3671643733978271
76 1.4360010623931885
77 1.5190458297729492
78 1.540046215057373
79 1.6649975776672363
80 1.8740448951721191
81 1.7799599170684814
82 1.7890446186065674
83 1.878044605255127
84 1.9780032634735107
85 1.937706470489502
86 2.1070027351379395
87 2.17704701423645
88 2.3980422019958496
89 2.272998809814453
90 2.3720438480377197
91 2.470999002456665
92 2.6089541912078857
93 2.58396315574646
94 2.7130467891693115
95 2.6959969997406006
96 2.869002342224121
97 2.832000970840454
98 3.0090458393096924
99 3.0460007190704346
100 3.117047071456909
